<?xml version="1.0" encoding="UTF-8"?>
<document version="1.5.0">
  <chunk label="Chunk 1" enabled="true">
    <sensors next_id="28">
      <sensor id="0" label="unknown" type="frame">
        <resolution width="800" height="800"/>
        <property name="layer_index" value="0"/>
        <bands>
          <band label="Red"/>
          <band label="Green"/>
          <band label="Blue"/>
        </bands>
        <data_type>uint8</data_type>
        <rotation fixed="true"/>
        <location fixed="true"/>
      </sensor>
      <sensor id="1" label="unknown" type="frame">
        <resolution width="980" height="1225"/>
        <property name="layer_index" value="0"/>
        <bands>
          <band label="Red"/>
          <band label="Green"/>
          <band label="Blue"/>
        </bands>
        <data_type>uint8</data_type>
        <rotation fixed="true"/>
        <location fixed="true"/>
      </sensor>
      <sensor id="2" label="unknown" type="frame">
        <resolution width="1080" height="1350"/>
        <property name="layer_index" value="0"/>
        <bands>
          <band label="Red"/>
          <band label="Green"/>
          <band label="Blue"/>
        </bands>
        <data_type>uint8</data_type>
        <calibration type="frame" class="adjusted">
          <resolution width="1080" height="1350"/>
          <f>1833.72471202122</f>
          <cx>1.02514120618462</cx>
          <cy>-1.41185135912942</cy>
          <k1>0.451874751202563</k1>
          <k2>-5.79920013896763</k2>
          <k3>-7.47241943613483</k3>
          <p1>0.0063245950620636</p1>
          <p2>-0.00184450480704897</p2>
        </calibration>
        <covariance>
          <params>f cx cy k1 k2 k3 p1 p2</params>
          <coeffs>1.2809691999596254e+04 1.9445414707509909e+02 -3.0178697449496343e+02 -2.3836953636615292e+00 -6.2456381998959365e+01 -6.5500822047563406e+02 1.8852344899020221e-01 1.8472100169992767e-01 1.9445414707509909e+02 3.1765086708568157e+02 -1.2643591587128697e+02 3.1916329358731582e-01 -3.0147855612331380e+01 2.5070773228885156e+02 8.2799032784258778e-02 -3.4027403832581862e-02 -3.0178697449496343e+02 -1.2643591587128697e+02 1.6677762769370327e+02 1.3478875499554352e-01 1.4215281973771674e+01 -1.3855227017835352e+02 -4.2969259082090053e-02 1.3814192208118947e-02 -2.3836953636615292e+00 3.1916329358731582e-01 1.3478875499554352e-01 5.8339035784708344e-02 -9.2236158676690405e-01 4.8918627027236008e+00 -6.6634612619898123e-04 -4.2201091031308105e-04 -6.2456381998959365e+01 -3.0147855612331380e+01 1.4215281973771674e+01 -9.2236158676690405e-01 2.5569698318151804e+01 -1.5616477391629044e+02 -5.6074988552576770e-03 3.0806650333532943e-03 -6.5500822047563406e+02 2.5070773228885156e+02 -1.3855227017835352e+02 4.8918627027236008e+00 -1.5616477391629044e+02 1.1340319851829479e+03 6.7392465313903027e-02 -4.2908344699503130e-02 1.8852344899020221e-01 8.2799032784258778e-02 -4.2969259082090053e-02 -6.6634612619898123e-04 -5.6074988552576770e-03 6.7392465313903027e-02 7.6871557252062314e-05 -3.4172674132353809e-06 1.8472100169992767e-01 -3.4027403832581862e-02 1.3814192208118947e-02 -4.2201091031308105e-04 3.0806650333532943e-03 -4.2908344699503130e-02 -3.4172674132353809e-06 4.6795924217415329e-05</coeffs>
        </covariance>
      </sensor>
      <sensor id="3" label="unknown" type="frame">
        <resolution width="1080" height="1080"/>
        <property name="layer_index" value="0"/>
        <bands>
          <band label="Red"/>
          <band label="Green"/>
          <band label="Blue"/>
        </bands>
        <data_type>uint8</data_type>
        <calibration type="frame" class="adjusted">
          <resolution width="1080" height="1080"/>
          <f>3008.73842743607</f>
          <cx>-14.8246742456178</cx>
          <cy>7.19891046460055</cy>
          <k1>0.843281720253909</k1>
          <k2>-18.5138484008548</k2>
          <k3>174.825167218542</k3>
          <p1>-0.000620507812571798</p1>
          <p2>-0.00292795282757982</p2>
        </calibration>
        <covariance>
          <params>f cx cy k1 k2 k3 p1 p2</params>
          <coeffs>2.0143507259517228e+04 6.2596081107776388e+02 -1.1355722810011016e+03 1.0823081864214252e+01 -3.1669271765130190e+02 2.3451447508517031e+03 4.2550159359728207e-01 -2.3834349064705454e-01 6.2596081107776388e+02 1.5618517533079505e+03 -3.9956065192825736e+02 9.4761915229992569e-02 4.0957430311342783e+01 -1.0595464928306883e+03 4.2302534461181163e-01 -1.1061878065281791e-01 -1.1355722810011016e+03 -3.9956065192825736e+02 2.3804308381651863e+03 3.6684502018733793e+00 -3.9462060033079945e+02 6.1137716967507131e+03 -1.2645843815915511e-01 6.6542555952948701e-01 1.0823081864214252e+01 9.4761915229992569e-02 3.6684502018733793e+00 1.5785005091540835e-01 -1.1492717613012452e+01 2.4511544010250827e+02 1.2845259626852954e-04 1.0891568472991815e-03 -3.1669271765130190e+02 4.0957430311342783e+01 -3.9462060033079945e+02 -1.1492717613012452e+01 1.0051378973563297e+03 -2.2889843734572663e+04 1.6118157557528264e-02 -1.5324522909889601e-01 2.3451447508517031e+03 -1.0595464928306883e+03 6.1137716967507131e+03 2.4511544010250827e+02 -2.2889843734572663e+04 5.4757889048056258e+05 -4.4499706187524646e-01 2.8213078525958966e+00 4.2550159359728207e-01 4.2302534461181163e-01 -1.2645843815915511e-01 1.2845259626852954e-04 1.6118157557528264e-02 -4.4499706187524646e-01 1.5153305259324470e-04 -4.0090202994356388e-05 -2.3834349064705454e-01 -1.1061878065281791e-01 6.6542555952948701e-01 1.0891568472991815e-03 -1.5324522909889601e-01 2.8213078525958966e+00 -4.0090202994356388e-05 2.3804204195544373e-04</coeffs>
        </covariance>
      </sensor>
      <sensor id="4" label="unknown" type="frame">
        <resolution width="1080" height="1346"/>
        <property name="layer_index" value="0"/>
        <bands>
          <band label="Red"/>
          <band label="Green"/>
          <band label="Blue"/>
        </bands>
        <data_type>uint8</data_type>
        <rotation fixed="true"/>
        <location fixed="true"/>
      </sensor>
      <sensor id="5" label="unknown" type="frame">
        <resolution width="1080" height="1079"/>
        <property name="layer_index" value="0"/>
        <bands>
          <band label="Red"/>
          <band label="Green"/>
          <band label="Blue"/>
        </bands>
        <data_type>uint8</data_type>
        <calibration type="frame" class="adjusted">
          <resolution width="1080" height="1079"/>
          <f>2432.91082396625</f>
          <cx>-90.8449975576721</cx>
          <cy>-58.6363476564567</cy>
          <k1>0.589354637546363</k1>
          <k2>-93.0481858621417</k2>
          <k3>1251.36351445828</k3>
          <p1>-0.0365747251716704</p1>
          <p2>-0.0317569996724504</p2>
        </calibration>
        <covariance>
          <params>f cx cy k1 k2 k3 p1 p2</params>
          <coeffs>1.3585608706461354e+06 -2.0169719442870643e+04 1.0227851031448605e+05 -2.0457809689395870e+03 9.3995484454856905e+03 -6.5169150444810754e+06 -9.9449472850888810e+01 1.5556120613652862e+01 -2.0169719442870643e+04 2.8955018811140861e+04 3.7383083393343559e+03 3.3815020091372998e+02 1.5648214911608415e+04 -3.1205170914528694e+05 1.1274338120464332e+01 9.0167748638000802e+00 1.0227851031448605e+05 3.7383083393343559e+03 2.6637410342283503e+04 -5.7487213784853054e+02 7.9436750665683139e+04 -3.3793691002104795e+06 -7.5371057659195699e+00 7.5814322423464455e+00 -2.0457809689395870e+03 3.3815020091372998e+02 -5.7487213784853054e+02 5.9968055268998476e+01 -6.2725435370269870e+03 2.4013134488919532e+05 6.1898757783068681e-01 -6.7869635260961762e-03 9.3995484454856905e+03 1.5648214911608415e+04 7.9436750665683139e+04 -6.2725435370269870e+03 9.1360212199119234e+05 -3.4449236152983285e+07 -1.5195463608569289e+01 2.7588000212109751e+01 -6.5169150444810754e+06 -3.1205170914528694e+05 -3.3793691002104795e+06 2.4013134488919532e+05 -3.4449236152983285e+07 1.3448335166481063e+09 8.9937697184213494e+02 -1.1074119643191370e+03 -9.9449472850888810e+01 1.1274338120464332e+01 -7.5371057659195699e+00 6.1898757783068681e-01 -1.5195463608569289e+01 8.9937697184213494e+02 1.8758392541099372e-02 3.2851987040096336e-03 1.5556120613652862e+01 9.0167748638000802e+00 7.5814322423464455e+00 -6.7869635260961762e-03 2.7588000212109751e+01 -1.1074119643191370e+03 3.2851987040096336e-03 5.9113360745764437e-03</coeffs>
        </covariance>
      </sensor>
      <sensor id="6" label="unknown" type="frame">
        <resolution width="1080" height="1219"/>
        <property name="layer_index" value="0"/>
        <bands>
          <band label="Red"/>
          <band label="Green"/>
          <band label="Blue"/>
        </bands>
        <data_type>uint8</data_type>
        <rotation fixed="true"/>
        <location fixed="true"/>
      </sensor>
      <sensor id="7" label="unknown" type="frame">
        <resolution width="1080" height="1145"/>
        <property name="layer_index" value="0"/>
        <bands>
          <band label="Red"/>
          <band label="Green"/>
          <band label="Blue"/>
        </bands>
        <data_type>uint8</data_type>
        <rotation fixed="true"/>
        <location fixed="true"/>
      </sensor>
      <sensor id="8" label="unknown" type="frame">
        <resolution width="1080" height="1081"/>
        <property name="layer_index" value="0"/>
        <bands>
          <band label="Red"/>
          <band label="Green"/>
          <band label="Blue"/>
        </bands>
        <data_type>uint8</data_type>
        <rotation fixed="true"/>
        <location fixed="true"/>
      </sensor>
      <sensor id="9" label="unknown" type="frame">
        <resolution width="1080" height="810"/>
        <property name="layer_index" value="0"/>
        <bands>
          <band label="Red"/>
          <band label="Green"/>
          <band label="Blue"/>
        </bands>
        <data_type>uint8</data_type>
        <calibration type="frame" class="adjusted">
          <resolution width="1080" height="810"/>
          <f>1914.86484289648</f>
          <cx>-20.8274902260122</cx>
          <cy>4.44609051897149</cy>
          <k1>0.194956474550185</k1>
          <k2>-0.100109171846015</k2>
          <k3>102.528028814108</k3>
          <p1>-0.00549658483439427</p1>
          <p2>0.000705653056709725</p2>
        </calibration>
        <covariance>
          <params>f cx cy k1 k2 k3 p1 p2</params>
          <coeffs>8.8706543406706569e+03 -5.1058329750224766e+02 6.1807652337134800e+02 -1.7761504629790126e+00 2.6645858132712294e+02 -7.0230542983877865e+02 -4.1312040242090994e-02 2.2566874738966552e-01 -5.1058329750224766e+02 2.3289603138475541e+03 -7.3478433233241532e+01 5.3795387041654275e+00 -4.3346760111488351e+02 8.5919114936587375e+03 7.6158165557933477e-01 1.3379653581132805e-04 6.1807652337134800e+02 -7.3478433233241532e+01 1.6640792375928304e+03 -4.0832696441928515e+00 1.7293549212054282e+02 -5.0846562938944356e+02 -3.0030287908958831e-02 5.5266297712359658e-01 -1.7761504629790126e+00 5.3795387041654275e+00 -4.0832696441928515e+00 2.2297050626821238e-01 -9.7273211723256789e+00 1.2023835309318385e+02 1.6445230925594767e-03 -1.8018724342092098e-03 2.6645858132712294e+02 -4.3346760111488351e+02 1.7293549212054282e+02 -9.7273211723256789e+00 4.8089864096375669e+02 -6.4185231929187430e+03 -1.4073928602666141e-01 6.1192793175571455e-02 -7.0230542983877865e+02 8.5919114936587375e+03 -5.0846562938944356e+02 1.2023835309318385e+02 -6.4185231929187430e+03 9.5196541953085514e+04 2.8189679564650345e+00 -9.9836405092344302e-02 -4.1312040242090994e-02 7.6158165557933477e-01 -3.0030287908958831e-02 1.6445230925594767e-03 -1.4073928602666141e-01 2.8189679564650345e+00 2.9159643630027182e-04 -1.5741040318557637e-06 2.2566874738966552e-01 1.3379653581132805e-04 5.5266297712359658e-01 -1.8018724342092098e-03 6.1192793175571455e-02 -9.9836405092344302e-02 -1.5741040318557637e-06 2.2380169194568956e-04</coeffs>
        </covariance>
      </sensor>
      <sensor id="10" label="unknown" type="frame">
        <resolution width="1080" height="909"/>
        <property name="layer_index" value="0"/>
        <bands>
          <band label="Red"/>
          <band label="Green"/>
          <band label="Blue"/>
        </bands>
        <data_type>uint8</data_type>
        <calibration type="frame" class="adjusted">
          <resolution width="1080" height="909"/>
          <f>1616.64964440769</f>
          <cx>-28.4396074669315</cx>
          <cy>3.16465204605396</cy>
          <k1>1.87388017473005</k1>
          <k2>1.43572801030495</k2>
          <k3>-12824.602975707</k3>
          <p1>-0.00327216342262311</p1>
          <p2>-0.0183767495877862</p2>
        </calibration>
        <covariance>
          <params>f cx cy k1 k2 k3 p1 p2</params>
          <coeffs>4.9136598957222898e+05 -1.0576021552535249e+04 -6.3090646041817581e+03 1.1155666959268196e+03 1.9621894345258272e+04 -2.9403808118350048e+07 1.6186692775177661e+01 5.0867621945834394e+00 -1.0576021552535249e+04 3.2495735363195267e+03 1.5826242585770124e+03 2.6601303494485973e+02 -7.3232421075178790e+04 4.9207774582352387e+06 -1.0786612170982444e-01 1.6570493647906317e+00 -6.3090646041817581e+03 1.5826242585770124e+03 2.9212032617835321e+03 5.2768863216755415e+02 -1.3160266806540856e+05 8.2662256017610645e+06 1.8178461412570027e-02 2.0515532570373365e+00 1.1155666959268196e+03 2.6601303494485973e+02 5.2768863216755415e+02 1.8157085914677839e+02 -3.7092874556734867e+04 1.9679003781921461e+06 1.1082240068902824e-01 4.1721040481976440e-01 1.9621894345258272e+04 -7.3232421075178790e+04 -1.3160266806540856e+05 -3.7092874556734867e+04 8.2031221517406655e+06 -4.6664992796419644e+08 -1.7165727392734276e+01 -1.1135890088627201e+02 -2.9403808118350048e+07 4.9207774582352387e+06 8.2662256017610645e+06 1.9679003781921461e+06 -4.6664992796419644e+08 2.8706194387185242e+10 4.5799538233612097e+01 6.6918772579943725e+03 1.6186692775177661e+01 -1.0786612170982444e-01 1.8178461412570027e-02 1.1082240068902824e-01 -1.7165727392734276e+01 4.5799538233612097e+01 1.3360201164656267e-03 6.7213570633810522e-04 5.0867621945834394e+00 1.6570493647906317e+00 2.0515532570373365e+00 4.1721040481976440e-01 -1.1135890088627201e+02 6.6918772579943725e+03 6.7213570633810522e-04 3.5752867410853684e-03</coeffs>
        </covariance>
      </sensor>
      <sensor id="11" label="unknown" type="frame">
        <resolution width="1080" height="607"/>
        <property name="layer_index" value="0"/>
        <bands>
          <band label="Red"/>
          <band label="Green"/>
          <band label="Blue"/>
        </bands>
        <data_type>uint8</data_type>
        <calibration type="frame" class="adjusted">
          <resolution width="1080" height="607"/>
          <f>151891.94549034</f>
          <cx>-30.0434927937092</cx>
          <cy>-97.4407234964857</cy>
          <k1>3675.01357711078</k1>
          <k2>-1909387256.68051</k2>
          <k3>334169277008971</k3>
          <p1>0.257539033759617</p1>
          <p2>-0.243062936386466</p2>
        </calibration>
        <covariance>
          <params>f cx cy k1 k2 k3 p1 p2</params>
          <coeffs>3.7134642567276069e+12 -4.5060677486269139e+06 8.8940162678658366e+07 1.7063469300081610e+11 -1.8531452474174752e+17 4.9128380240449914e+22 7.0442755330694597e+06 -3.7280565638664919e+06 -4.5060677486269139e+06 9.6744827904188045e+04 1.4083174616023785e+05 2.0961844516804279e+06 -3.7855519120128354e+12 1.0894259919196024e+18 3.4278412167481349e+02 -6.7106131229893662e-01 8.8940162678658366e+07 1.4083174616023785e+05 3.2673237812038243e+05 4.1003440068554822e+06 -1.1115728883200230e+13 3.3631141783666867e+18 9.1338534019478618e+02 6.5204041239264166e+02 1.7063469300081610e+11 2.0961844516804279e+06 4.1003440068554822e+06 8.2127588179869909e+09 -8.6696612305476540e+15 2.2820805556695185e+21 3.1997528569719096e+05 -2.2109659719249292e+05 -1.8531452474174752e+17 -3.7855519120128354e+12 -1.1115728883200230e+13 -8.6696612305476540e+15 9.4557688946923468e+21 -2.5083705924192680e+27 -3.6624234028832922e+11 1.8749532009676788e+11 4.9128380240449914e+22 1.0894259919196024e+18 3.3631141783666867e+18 2.2820805556695185e+21 -2.5083705924192680e+27 6.6667965466810054e+32 9.8172732358436736e+16 -4.6848109925477800e+16 7.0442755330694597e+06 3.4278412167481349e+02 9.1338534019478618e+02 3.1997528569719096e+05 -3.6624234028832922e+11 9.8172732358436736e+16 1.5712849375577633e+01 -4.2182537754073612e+00 -3.7280565638664919e+06 -6.7106131229893662e-01 6.5204041239264166e+02 -2.2109659719249292e+05 1.8749532009676788e+11 -4.6848109925477800e+16 -4.2182537754073612e+00 1.6153168744803402e+01</coeffs>
        </covariance>
      </sensor>
      <sensor id="12" label="unknown" type="frame">
        <resolution width="1080" height="1281"/>
        <property name="layer_index" value="0"/>
        <bands>
          <band label="Red"/>
          <band label="Green"/>
          <band label="Blue"/>
        </bands>
        <data_type>uint8</data_type>
        <calibration type="frame" class="adjusted">
          <resolution width="1080" height="1281"/>
          <f>2041.59027730335</f>
          <cx>-10.1236570571976</cx>
          <cy>-64.3275238397299</cy>
          <k1>0.382407715919725</k1>
          <k2>-2.70859515423036</k2>
          <k3>7.52392281367458</k3>
          <p1>9.319926629096e-05</p1>
          <p2>-0.00745925846125642</p2>
        </calibration>
        <covariance>
          <params>f cx cy k1 k2 k3 p1 p2</params>
          <coeffs>8.2559247985324560e+04 -1.3744966579383638e+04 -9.9731654937082902e+04 -2.6126354987403164e+02 4.1552665992130605e+03 -2.4645637539555188e+04 -1.7340845348674221e+00 -7.1539536085781181e+00 -1.3744966579383638e+04 1.9005059250016537e+04 3.3354205193401773e+04 1.1832787553713042e+02 -1.6656584962223938e+03 9.2671947019900890e+03 3.3465185911007147e+00 1.3202706264349151e+00 -9.9731654937082902e+04 3.3354205193401773e+04 2.1587809122069684e+05 5.6603292169243184e+02 -7.9426653906721513e+03 4.3202894305113492e+04 4.0282826282061768e+00 1.4345445905698718e+01 -2.6126354987403164e+02 1.1832787553713042e+02 5.6603292169243184e+02 2.4772337527008221e+00 -3.6817116482196276e+01 2.1880607515567570e+02 1.2600106014395695e-02 1.4285278865832566e-02 4.1552665992130605e+03 -1.6656584962223938e+03 -7.9426653906721513e+03 -3.6817116482196276e+01 5.9271583232791409e+02 -3.7034783203783900e+03 -1.8078604415618937e-01 -2.5045764639587587e-01 -2.4645637539555188e+04 9.2671947019900890e+03 4.3202894305113492e+04 2.1880607515567570e+02 -3.7034783203783900e+03 2.4001925841824199e+04 9.8422431835814495e-01 1.2470621564346791e+00 -1.7340845348674221e+00 3.3465185911007147e+00 4.0282826282061768e+00 1.2600106014395695e-02 -1.8078604415618937e-01 9.8422431835814495e-01 6.5114854344648480e-04 2.1716143121304414e-04 -7.1539536085781181e+00 1.3202706264349151e+00 1.4345445905698718e+01 1.4285278865832566e-02 -2.5045764639587587e-01 1.2470621564346791e+00 2.1716143121304414e-04 1.8187810697212826e-03</coeffs>
        </covariance>
      </sensor>
      <sensor id="13" label="unknown" type="frame">
        <resolution width="1080" height="956"/>
        <property name="layer_index" value="0"/>
        <bands>
          <band label="Red"/>
          <band label="Green"/>
          <band label="Blue"/>
        </bands>
        <data_type>uint8</data_type>
        <rotation fixed="true"/>
        <location fixed="true"/>
      </sensor>
      <sensor id="14" label="unknown" type="frame">
        <resolution width="1080" height="1089"/>
        <property name="layer_index" value="0"/>
        <bands>
          <band label="Red"/>
          <band label="Green"/>
          <band label="Blue"/>
        </bands>
        <data_type>uint8</data_type>
        <rotation fixed="true"/>
        <location fixed="true"/>
      </sensor>
      <sensor id="15" label="unknown" type="frame">
        <resolution width="491" height="322"/>
        <property name="layer_index" value="0"/>
        <bands>
          <band label="Red"/>
          <band label="Green"/>
          <band label="Blue"/>
        </bands>
        <data_type>uint8</data_type>
        <rotation fixed="true"/>
        <location fixed="true"/>
      </sensor>
      <sensor id="16" label="unknown" type="frame">
        <resolution width="1080" height="1213"/>
        <property name="layer_index" value="0"/>
        <bands>
          <band label="Red"/>
          <band label="Green"/>
          <band label="Blue"/>
        </bands>
        <data_type>uint8</data_type>
        <rotation fixed="true"/>
        <location fixed="true"/>
      </sensor>
      <sensor id="17" label="unknown" type="frame">
        <resolution width="1080" height="721"/>
        <property name="layer_index" value="0"/>
        <bands>
          <band label="Red"/>
          <band label="Green"/>
          <band label="Blue"/>
        </bands>
        <data_type>uint8</data_type>
        <calibration type="frame" class="adjusted">
          <resolution width="1080" height="721"/>
          <f>2514.57402594334</f>
          <cx>-6.57430743518568</cx>
          <cy>3.99703244923106</cy>
          <k1>1.34018619502899</k1>
          <k2>-359.590933936999</k2>
          <k3>63023.7047559668</k3>
          <p1>3.90416824602361e-05</p1>
          <p2>-0.00455317006145567</p2>
        </calibration>
        <covariance>
          <params>f cx cy k1 k2 k3 p1 p2</params>
          <coeffs>9.8243086546106264e+04 -8.1489372124039335e+01 5.9082781879698234e+02 6.1455788342995923e+01 -6.8568555578870801e+04 1.5995843286766935e+07 -6.5436948174115506e-01 2.3569337753612101e+00 -8.1489372124039335e+01 4.3297633160397851e+02 -3.9233868630483676e+02 -1.5690096379289242e+01 8.4608489264884265e+03 -1.4066651080751303e+06 2.9938859880379448e-01 -1.6364131732179935e-01 5.9082781879698234e+02 -3.9233868630483676e+02 1.9205895042850632e+03 -1.2378689308197165e+01 -4.1572278676797532e+03 2.3169321288667466e+06 -2.2966875477390369e-01 9.4205256189597630e-01 6.1455788342995923e+01 -1.5690096379289242e+01 -1.2378689308197165e+01 1.3633430861776819e+01 -4.3859363243077732e+03 4.1744152084754850e+05 -9.4842536107488645e-03 -9.5718404714521532e-03 -6.8568555578870801e+04 8.4608489264884265e+03 -4.1572278676797532e+03 -4.3859363243077732e+03 1.5955637920190317e+06 -1.7123987223725787e+08 5.7806429852344712e+00 -4.5126633724135017e+00 1.5995843286766935e+07 -1.4066651080751303e+06 2.3169321288667466e+06 4.1744152084754850e+05 -1.7123987223725787e+08 2.1484748428733089e+10 -9.6251458123154089e+02 1.5898424680773408e+03 -6.5436948174115506e-01 2.9938859880379448e-01 -2.2966875477390369e-01 -9.4842536107488645e-03 5.7806429852344712e+00 -9.6251458123154089e+02 3.2074069626319404e-04 -1.3845993800119157e-04 2.3569337753612101e+00 -1.6364131732179935e-01 9.4205256189597630e-01 -9.5718404714521532e-03 -4.5126633724135017e+00 1.5898424680773408e+03 -1.3845993800119157e-04 7.3782180818130589e-04</coeffs>
        </covariance>
      </sensor>
      <sensor id="18" label="unknown" type="frame">
        <resolution width="570" height="570"/>
        <property name="layer_index" value="0"/>
        <bands>
          <band label="Red"/>
          <band label="Green"/>
          <band label="Blue"/>
        </bands>
        <data_type>uint8</data_type>
        <rotation fixed="true"/>
        <location fixed="true"/>
      </sensor>
      <sensor id="19" label="unknown" type="frame">
        <resolution width="1080" height="715"/>
        <property name="layer_index" value="0"/>
        <bands>
          <band label="Red"/>
          <band label="Green"/>
          <band label="Blue"/>
        </bands>
        <data_type>uint8</data_type>
        <calibration type="frame" class="adjusted">
          <resolution width="1080" height="715"/>
          <f>1016.94997777099</f>
          <cx>10.4470457515605</cx>
          <cy>10.0761067263786</cy>
          <k1>-0.212972983059317</k1>
          <k2>14.7971510659786</k2>
          <k3>-482.939538297249</k3>
          <p1>-0.00571640400083763</p1>
          <p2>-0.00816980055870625</p2>
        </calibration>
        <covariance>
          <params>f cx cy k1 k2 k3 p1 p2</params>
          <coeffs>4.2515318696265284e+04 4.2950764936039141e+03 -4.9248008275426736e+02 -3.7431716240712596e+01 4.9784418436199076e+03 -1.7134969147625790e+05 5.3356047490797365e-01 2.5783244430890639e-01 4.2950764936039141e+03 3.9289127134876730e+03 -2.3423314873125992e+03 -2.6509701158213383e+00 -7.0162865725746133e+02 4.1545945072977105e+04 3.0999091165825353e-02 -2.4979991739204041e-01 -4.9248008275426736e+02 -2.3423314873125992e+03 7.3137128048990062e+03 3.2366844110210229e+00 5.9275441217325317e+02 -7.3173569253766109e+04 -1.7754503535280880e-01 1.7366057079553587e+00 -3.7431716240712596e+01 -2.6509701158213383e+00 3.2366844110210229e+00 3.2109862992025535e+00 -1.9774091552111716e+02 3.8413640614439105e+03 3.5256157553088417e-03 -1.6020337240218188e-02 4.9784418436199076e+03 -7.0162865725746133e+02 5.9275441217325317e+02 -1.9774091552111716e+02 1.4266380581628324e+04 -3.1014867338632100e+05 -2.2154088491464960e-01 5.8345119800384704e-01 -1.7134969147625790e+05 4.1545945072977105e+04 -7.3173569253766109e+04 3.8413640614439105e+03 -3.1014867338632100e+05 7.6570583364683809e+06 4.8230183272249016e+00 -2.1268268145513243e+01 5.3356047490797365e-01 3.0999091165825353e-02 -1.7754503535280880e-01 3.5256157553088417e-03 -2.2154088491464960e-01 4.8230183272249016e+00 3.6565854639714529e-04 -1.2036656335883687e-04 2.5783244430890639e-01 -2.4979991739204041e-01 1.7366057079553587e+00 -1.6020337240218188e-02 5.8345119800384704e-01 -2.1268268145513243e+01 -1.2036656335883687e-04 8.6068268645703193e-04</coeffs>
        </covariance>
      </sensor>
      <sensor id="20" label="unknown" type="frame">
        <resolution width="1080" height="839"/>
        <property name="layer_index" value="0"/>
        <bands>
          <band label="Red"/>
          <band label="Green"/>
          <band label="Blue"/>
        </bands>
        <data_type>uint8</data_type>
        <calibration type="frame" class="adjusted">
          <resolution width="1080" height="839"/>
          <f>2583.71534448783</f>
          <cx>88.0652437874152</cx>
          <cy>18.197974863919</cy>
          <k1>0.0687419171462577</k1>
          <k2>-11.8717513014017</k2>
          <k3>299.731925336924</k3>
          <p1>0.00117568108791598</p1>
          <p2>0.00179208630652093</p2>
        </calibration>
        <covariance>
          <params>f cx cy k1 k2 k3 p1 p2</params>
          <coeffs>1.5428508868842854e+05 6.0243930826208998e+04 -2.4373343310373897e+04 -9.9039361560101455e+01 2.2413143615823406e+03 -1.3901925758024846e+05 -2.7809750856899598e+00 -8.3631300155568564e-02 6.0243930826208998e+04 7.4750620511203248e+04 -1.5222997285353895e+04 -7.5154910533952702e+01 2.8636956472094853e+03 -1.9962357131040862e+05 -4.0604750105786391e-01 -9.6111272942782155e-02 -2.4373343310373897e+04 -1.5222997285353895e+04 1.5930019054679406e+04 5.5586461500110893e+00 3.5879823881605870e+02 2.4132723852264440e+04 5.5873096859370008e-01 1.0433284007024426e+00 -9.9039361560101455e+01 -7.5154910533952702e+01 5.5586461500110893e+00 1.1453335591309166e+00 -4.9389338628711094e+01 9.1492471121686731e+02 1.1029920727653943e-02 -2.0020440110403589e-03 2.2413143615823406e+03 2.8636956472094853e+03 3.5879823881605870e+02 -4.9389338628711094e+01 2.5761883847687632e+03 -4.8395619410701816e+04 -1.4019125325307499e-01 4.4845571783073489e-02 -1.3901925758024846e+05 -1.9962357131040862e+05 2.4132723852264440e+04 9.1492471121686731e+02 -4.8395619410701816e+04 1.2372161342758522e+06 1.4741605286506625e+00 -3.8655562515496134e-01 -2.7809750856899598e+00 -4.0604750105786391e-01 5.5873096859370008e-01 1.1029920727653943e-02 -1.4019125325307499e-01 1.4741605286506625e+00 4.4380813121857042e-04 -5.9566259573079548e-05 -8.3631300155568564e-02 -9.6111272942782155e-02 1.0433284007024426e+00 -2.0020440110403589e-03 4.4845571783073489e-02 -3.8655562515496134e-01 -5.9566259573079548e-05 1.4799404593230403e-04</coeffs>
        </covariance>
      </sensor>
      <sensor id="21" label="unknown" type="frame">
        <resolution width="1080" height="1074"/>
        <property name="layer_index" value="0"/>
        <bands>
          <band label="Red"/>
          <band label="Green"/>
          <band label="Blue"/>
        </bands>
        <data_type>uint8</data_type>
        <calibration type="frame" class="adjusted">
          <resolution width="1080" height="1074"/>
          <f>1358.13893106039</f>
          <cx>-13.3915801402897</cx>
          <cy>40.1439533825571</cy>
          <k1>0.460649415907266</k1>
          <k2>-0.439760360362597</k2>
          <k3>-1.21822965189593</k3>
          <p1>-0.0179302860072275</p1>
          <p2>0.0173068180457481</p2>
        </calibration>
        <covariance>
          <params>f cx cy k1 k2 k3 p1 p2</params>
          <coeffs>2.3534602913231174e+04 -7.1614419167832000e+02 2.4278601628622182e+03 -5.1424823778848971e-01 -1.8178806090498071e+02 8.6643770959269534e+02 -3.6374169163986769e-01 -3.9715161903099006e-01 -7.1614419167832000e+02 8.0051535794836866e+02 3.9781927419977217e+02 -2.1858301297071079e+00 9.7671790357353458e+00 -1.9931910071512590e+01 3.9932967036247080e-01 1.2311441333188963e-01 2.4278601628622182e+03 3.9781927419977217e+02 1.7588383837239840e+03 -4.5537227339326467e+00 -2.1321928834034530e+01 2.4681184822652915e+02 3.1452274750814407e-01 4.1252138420639162e-01 -5.1424823778848971e-01 -2.1858301297071079e+00 -4.5537227339326467e+00 1.9493702598957441e-01 -3.3325899146245397e+00 1.8969040430445780e+01 -1.2544850474007932e-03 -3.0590248909589810e-04 -1.8178806090498071e+02 9.7671790357353458e+00 -2.1321928834034530e+01 -3.3325899146245397e+00 7.0282960075080140e+01 -4.2272436667451899e+02 -2.0808672681646350e-04 6.7365037365955504e-04 8.6643770959269534e+02 -1.9931910071512590e+01 2.4681184822652915e+02 1.8969040430445780e+01 -4.2272436667451899e+02 2.6195410579198037e+03 3.0122727494691071e-02 3.1003836956376776e-02 -3.6374169163986769e-01 3.9932967036247080e-01 3.1452274750814407e-01 -1.2544850474007932e-03 -2.0808672681646350e-04 3.0122727494691071e-02 2.9138646219340126e-04 1.0210338539587526e-04 -3.9715161903099006e-01 1.2311441333188963e-01 4.1252138420639162e-01 -3.0590248909589810e-04 6.7365037365955504e-04 3.1003836956376776e-02 1.0210338539587526e-04 2.8395280660035657e-04</coeffs>
        </covariance>
      </sensor>
      <sensor id="22" label="unknown" type="frame">
        <resolution width="1080" height="1206"/>
        <property name="layer_index" value="0"/>
        <bands>
          <band label="Red"/>
          <band label="Green"/>
          <band label="Blue"/>
        </bands>
        <data_type>uint8</data_type>
        <rotation fixed="true"/>
        <location fixed="true"/>
      </sensor>
      <sensor id="23" label="unknown" type="frame">
        <resolution width="1080" height="720"/>
        <property name="layer_index" value="0"/>
        <bands>
          <band label="Red"/>
          <band label="Green"/>
          <band label="Blue"/>
        </bands>
        <data_type>uint8</data_type>
        <calibration type="frame" class="adjusted">
          <resolution width="1080" height="720"/>
          <f>2470.96522557299</f>
          <cx>-31.915942549826</cx>
          <cy>43.3628469283831</cy>
          <k1>0.496305224371884</k1>
          <k2>8.4431120103426</k2>
          <k3>55.8924531941529</k3>
          <p1>-0.00969034525905374</p1>
          <p2>0.0114817578375004</p2>
        </calibration>
        <covariance>
          <params>f cx cy k1 k2 k3 p1 p2</params>
          <coeffs>4.3681490378680217e+04 -6.4509547432070285e+03 -2.2840493493766830e+03 1.6907069690491568e+01 -4.7403726591668155e+03 2.1906778474378103e+05 -1.1580897129081225e+00 -9.1990037725924845e-01 -6.4509547432070285e+03 3.3464475923442901e+03 3.2478722647103632e+02 -1.7174130439294837e+00 1.4763788415286429e+03 -5.3135549445727826e+04 7.3706700590268048e-01 2.9367508603701187e-01 -2.2840493493766830e+03 3.2478722647103632e+02 2.3740890627060344e+03 7.3779464059249211e-01 1.6210726819854730e+02 -1.2350666010093326e+04 -1.2048065645281115e-02 7.1109634840276992e-01 1.6907069690491568e+01 -1.7174130439294837e+00 7.3779464059249211e-01 6.9797454392369218e-01 -8.0978664579288136e+01 2.8447155465366518e+03 -1.1093833219689775e-03 1.0375025300251672e-03 -4.7403726591668155e+03 1.4763788415286429e+03 1.6210726819854730e+02 -8.0978664579288136e+01 1.1402486618947069e+04 -4.2138330026822886e+05 2.1071967672648320e-01 5.5571602513717518e-02 2.1906778474378103e+05 -5.3135549445727826e+04 -1.2350666010093326e+04 2.8447155465366518e+03 -4.2138330026822886e+05 1.6224926619594013e+07 -6.0283340541355459e+00 -3.0052158298721778e+00 -1.1580897129081225e+00 7.3706700590268048e-01 -1.2048065645281115e-02 -1.1093833219689775e-03 2.1071967672648320e-01 -6.0283340541355459e+00 2.2233436347753965e-04 2.9521763665784798e-05 -9.1990037725924845e-01 2.9367508603701187e-01 7.1109634840276992e-01 1.0375025300251672e-03 5.5571602513717518e-02 -3.0052158298721778e+00 2.9521763665784798e-05 2.5943987199645761e-04</coeffs>
        </covariance>
      </sensor>
      <sensor id="24" label="unknown" type="frame">
        <resolution width="1080" height="1215"/>
        <property name="layer_index" value="0"/>
        <bands>
          <band label="Red"/>
          <band label="Green"/>
          <band label="Blue"/>
        </bands>
        <data_type>uint8</data_type>
        <calibration type="frame" class="adjusted">
          <resolution width="1080" height="1215"/>
          <f>2466.4735410056</f>
          <cx>30.5121579905147</cx>
          <cy>-115.927843492667</cy>
          <k1>0.705774494757878</k1>
          <k2>0.598730998577146</k2>
          <k3>-55.8451571362077</k3>
          <p1>0.00675760064391109</p1>
          <p2>-0.0216601326323129</p2>
        </calibration>
        <covariance>
          <params>f cx cy k1 k2 k3 p1 p2</params>
          <coeffs>3.8982583787950003e+04 2.1471524261002419e+03 -8.9957202821688807e+03 1.0779420667272788e+01 2.0976729359612611e+02 -1.5927656554182688e+03 5.7987511485023957e-01 -2.1931692009623931e+00 2.1471524261002419e+03 3.2747630586687196e+03 -4.7979842467291928e+03 -9.1318450715775263e+00 5.1879787296571344e+01 2.3664503979433384e+03 7.4080104506479794e-01 -8.9030319232064703e-01 -8.9957202821688807e+03 -4.7979842467291928e+03 2.9509304951419690e+04 8.7567300298460296e+01 -1.0245398901432609e+03 -6.9090661058327833e+03 -6.0544503677297390e-01 4.7450778908509230e+00 1.0779420667272788e+01 -9.1318450715775263e+00 8.7567300298460296e+01 5.9883118544770442e-01 -8.6727869177417567e+00 1.5370729366785548e+01 1.2390981910886812e-03 7.7633309571680563e-03 2.0976729359612611e+02 5.1879787296571344e+01 -1.0245398901432609e+03 -8.6727869177417567e+00 1.5599450685892640e+02 -6.8248780933736577e+02 -2.8732020858565972e-02 -9.7590170420326236e-02 -1.5927656554182688e+03 2.3664503979433384e+03 -6.9090661058327833e+03 1.5370729366785548e+01 -6.8248780933736577e+02 9.6222510342267233e+03 5.5683413759055544e-01 -1.4158513071093302e+00 5.7987511485023957e-01 7.4080104506479794e-01 -6.0544503677297390e-01 1.2390981910886812e-03 -2.8732020858565972e-02 5.5683413759055544e-01 2.0065767039553973e-04 -1.7874136337302918e-04 -2.1931692009623931e+00 -8.9030319232064703e-01 4.7450778908509230e+00 7.7633309571680563e-03 -9.7590170420326236e-02 -1.4158513071093302e+00 -1.7874136337302918e-04 9.8743796716440832e-04</coeffs>
        </covariance>
      </sensor>
      <sensor id="25" label="unknown" type="frame">
        <resolution width="1080" height="1324"/>
        <property name="layer_index" value="0"/>
        <bands>
          <band label="Red"/>
          <band label="Green"/>
          <band label="Blue"/>
        </bands>
        <data_type>uint8</data_type>
        <calibration type="frame" class="adjusted">
          <resolution width="1080" height="1324"/>
          <f>1982.69391062099</f>
          <cx>-76.6445937123205</cx>
          <cy>24.9756554096139</cy>
          <k1>0.339173157753142</k1>
          <k2>-1.65353739522035</k2>
          <k3>10.4487598779928</k3>
          <p1>-0.0178940349939945</p1>
          <p2>0.00814102903641206</p2>
        </calibration>
        <covariance>
          <params>f cx cy k1 k2 k3 p1 p2</params>
          <coeffs>3.3915560009606197e+04 -2.1625857393181159e+03 6.9766566301828493e+02 -1.3756932006934584e+00 3.7284312723555161e+01 4.5687027701895340e+02 2.8133367258380576e-01 -9.7374718242001404e-02 -2.1625857393181159e+03 1.2067645830037578e+04 -4.1971815378966494e+03 -1.2819217718518740e+01 -3.4372113976305627e+01 8.4541147043951628e+02 3.4701552340583395e+00 -1.1553500583737271e+00 6.9766566301828493e+02 -4.1971815378966494e+03 3.7221443078404418e+03 2.4210870422118842e+00 7.0122273614457498e+01 -9.1992458064174173e+02 -1.1752156550222674e+00 1.0408373057751117e+00 -1.3756932006934584e+00 -1.2819217718518740e+01 2.4210870422118842e+00 9.1562831660343680e-02 -1.0944003882084110e+00 5.5887268179997482e+00 -4.9717308182959229e-03 7.3659322751231586e-04 3.7284312723555161e+01 -3.4372113976305627e+01 7.0122273614457498e+01 -1.0944003882084110e+00 2.6755610850529017e+01 -1.8305123841844943e+02 -1.1262675833483532e-02 2.1047602688587713e-02 4.5687027701895340e+02 8.4541147043951628e+02 -9.1992458064174173e+02 5.5887268179997482e+00 -1.8305123841844943e+02 1.5024044632956347e+03 2.8885682648281014e-01 -2.6950043631961978e-01 2.8133367258380576e-01 3.4701552340583395e+00 -1.1752156550222674e+00 -4.9717308182959229e-03 -1.1262675833483532e-02 2.8885682648281014e-01 1.1160352301213250e-03 -3.4777055629809435e-04 -9.7374718242001404e-02 -1.1553500583737271e+00 1.0408373057751117e+00 7.3659322751231586e-04 2.1047602688587713e-02 -2.6950043631961978e-01 -3.4777055629809435e-04 3.2578848987071157e-04</coeffs>
        </covariance>
      </sensor>
      <sensor id="26" label="unknown" type="frame">
        <resolution width="1080" height="809"/>
        <property name="layer_index" value="0"/>
        <bands>
          <band label="Red"/>
          <band label="Green"/>
          <band label="Blue"/>
        </bands>
        <data_type>uint8</data_type>
        <rotation fixed="true"/>
        <location fixed="true"/>
      </sensor>
      <sensor id="27" label="unknown" type="frame">
        <resolution width="899" height="674"/>
        <property name="layer_index" value="0"/>
        <bands>
          <band label="Red"/>
          <band label="Green"/>
          <band label="Blue"/>
        </bands>
        <data_type>uint8</data_type>
        <calibration type="frame" class="adjusted">
          <resolution width="899" height="674"/>
          <f>1726.32777911236</f>
          <cx>-148.984611506886</cx>
          <cy>-60.8311780922372</cy>
          <k1>0.385910471892499</k1>
          <k2>1.78148928788189</k2>
          <k3>-32.096417840701</k3>
          <p1>-0.0241375040925836</p1>
          <p2>-0.00724174607891194</p2>
        </calibration>
        <covariance>
          <params>f cx cy k1 k2 k3 p1 p2</params>
